.Random.seed <-
c(10403L, 10L, 939099134L, 1395417016L, 52482971L, -525305351L, 
446400840L, 68858998L, -361995855L, -624111645L, -608351054L, 
1415905540L, 55896647L, 1931021597L, 73612180L, -1994363078L, 
864523141L, 2088306783L, -703644954L, 658522480L, -2129868141L, 
-758090959L, -731237920L, 1825064574L, -1095160567L, 868286267L, 
258905866L, -1679259924L, -1621658769L, -1593375579L, 1903605340L, 
1186184754L, 504732973L, -135394329L, 1091824398L, 1240763624L, 
-1999591701L, -611465335L, -1345326312L, 1431914054L, -1824663903L, 
2041657651L, 1603082402L, 697407380L, -655673833L, 1725227533L, 
-1376848092L, 724349706L, 1843019381L, 1286176207L, -1581340970L, 
-1583207808L, 906794179L, 1495618145L, -1549718832L, -1010349010L, 
-1016880679L, 930299371L, -2009573286L, -1111500260L, -1224688865L, 
1444376437L, -1316768244L, -258347038L, -1070754627L, -1810132169L, 
-1327039522L, 1658501400L, 658803835L, 1453437465L, -74501464L, 
480630870L, -7785263L, -596946813L, 1484546834L, -403114332L, 
-1736072601L, -2004993091L, 1526838580L, 251661978L, -689005339L, 
-172466561L, -2089678842L, 836414352L, 1669428787L, 324134353L, 
-250071168L, 414984798L, -753659479L, 2021818459L, -2078844822L, 
1732884748L, -263630001L, 285609989L, 316452540L, -154654830L, 
1116296333L, -1729686841L, -1285127250L, -691200504L, -9072117L, 
1076413161L, 274656696L, -1719170458L, 1210889985L, -124960365L, 
1574165058L, 819113460L, 255907831L, -435172371L, 48489604L, 
985021098L, -632672235L, -1035175761L, -895412554L, -1220647712L, 
-1200707549L, -2147338431L, -1098040784L, 458958926L, -1599842119L, 
-1964274485L, -288599686L, 1699073148L, 1824467135L, -2145297003L, 
-586146388L, 817756034L, 841768285L, -1031187369L, 351679294L, 
2012846968L, -911124389L, -255434823L, 788389384L, -2104013642L, 
595450865L, 1306994211L, 1300256370L, -1295086396L, -1970189689L, 
209502813L, -1075493804L, -1158918534L, -1257476667L, 109629215L, 
316324518L, 1700166704L, 1720901331L, -1748648719L, 2093733920L, 
52494014L, -439625015L, 1034530939L, -1884901814L, 1206442668L, 
435113391L, 737901925L, 410544924L, 1590464370L, -2049301523L, 
-2034965465L, -375030706L, -412958552L, 912289451L, -628454455L, 
358819800L, 1854189190L, 776451937L, 1134160627L, 1468478818L, 
1691337684L, 443213527L, -296809267L, 696700004L, 1345684042L, 
-111900747L, 965761807L, -243800042L, 1782379200L, 2065237123L, 
2142597281L, 1355445904L, 1608951150L, 1692767001L, -1683679317L, 
987182490L, 2104709468L, -1420253089L, 80013365L, 1458498508L, 
228155170L, 2001764733L, 738404983L, 1504424862L, 627475032L, 
-1260704837L, 1809603929L, -7727384L, -389716202L, -2003490671L, 
-129997501L, 1852383314L, -1243446556L, -1101949657L, 1379396989L, 
657679476L, 2067508826L, -716907867L, 764010687L, -276028602L, 
-1638534704L, 1894044659L, -69932271L, 1945066304L, 723313438L, 
550890473L, 1278189851L, 2069814058L, 707222604L, 1762989071L, 
1831788357L, -1418610436L, 1237010258L, 489195725L, 550754439L, 
-1648899218L, 1115495752L, -839022261L, -398850336L, 723124428L, 
-1073794912L, -265997950L, -1490587416L, 293822700L, 66175036L, 
-799129486L, 2056104048L, 555440676L, -1045183944L, 287625754L, 
-208766768L, -1505880516L, -1440934764L, 633578626L, 220671936L, 
634148156L, 595879568L, -784679902L, 335300616L, 1918776460L, 
1928579100L, 1233421458L, -928924544L, -476140L, 682234664L, 
-972075974L, -577815344L, 717671532L, -1004243276L, -1371987950L, 
-765067296L, 805696460L, 958641632L, -416957406L, 706409768L, 
1134321932L, 740056636L, 648991986L, -2058000L, 1671235396L, 
1104740440L, 144144954L, 1744103664L, 1288303292L, -327986668L, 
37260482L, 1033807456L, -2091502212L, -333624112L, 928160802L, 
1661274280L, -1500758644L, 2042243516L, 810899506L, 66353984L, 
-1425078604L, 762655048L, 2011046586L, 2088687376L, -1495627540L, 
1046878292L, -1022890222L, 1504444832L, 1868287948L, -456861856L, 
1237578946L, 1151426088L, 2114652588L, 1579176764L, -1261292686L, 
-351430864L, -1755158492L, 634420792L, -1045638438L, -13686896L, 
1187343612L, 882038164L, -1297083582L, 1085557248L, 490580028L, 
-1991218608L, 1820360866L, 173577032L, 1751704076L, 989737692L, 
35186770L, 1911106688L, 714010452L, 1461420008L, 1979710202L, 
-203735216L, -1127705556L, -454069900L, -1499335022L, 1994136160L, 
-115386228L, 1493567840L, 1118202082L, -37886808L, -1970970932L, 
-476124676L, -211307598L, -280232976L, 2068195780L, -2103693992L, 
-1506272902L, -1894311504L, 1365041596L, 1879379540L, -2090485310L, 
1560726304L, -277947460L, 1893396560L, -1262378014L, 608749416L, 
1585798988L, 262049532L, -691597582L, 1673448704L, 603612276L, 
-21074424L, -825786950L, 2046920144L, 426029036L, -1881961580L, 
-1830080302L, -812336032L, 607548748L, 175606560L, -448791934L, 
-595779096L, -1778752532L, -2025515460L, 1051180658L, -28314768L, 
-1045902044L, 260233784L, 247632282L, 379373008L, -2123504196L, 
72435348L, 1200259714L, -1313598016L, 1984638780L, -517639536L, 
-1478498526L, -1839507960L, 2083816204L, 2009062300L, 79758354L, 
683987840L, 854395668L, -740248280L, 1210224698L, -1298189360L, 
1932909164L, 332086324L, -758245230L, 313213280L, -2063291060L, 
-1038725664L, -1243237470L, -1775039576L, 454904972L, -370048068L, 
215989362L, -357083152L, 1387533380L, -2117093288L, -2030215110L, 
-1544638352L, 1803572796L, 1082595092L, 1762503362L, 770724576L, 
1795443836L, -1194459952L, 85248930L, -322556376L, 314865932L, 
-611297348L, -1098913486L, -1908727616L, 1064731188L, 1335790280L, 
1256569530L, -1685519216L, 689305324L, -1119265196L, 2074052242L, 
-1971316960L, 1608992716L, 458498272L, 1634156226L, 423232552L, 
-504263764L, 767335100L, -1362605582L, -715106768L, -1398552668L, 
676434360L, 1029174106L, -778242928L, 2122906492L, 223901460L, 
1837190466L, 323141376L, -488967236L, -302248112L, -1192142558L, 
-1953979832L, 1571385356L, -483527588L, 924893650L, -699015680L, 
1728901460L, -2134478616L, 1931907322L, 973768400L, 939790636L, 
-533032716L, 201371026L, 1407494496L, 863037452L, 638640864L, 
-510648277L, -99160164L, -65699894L, 826177727L, -1565169143L, 
-189390050L, 366168780L, 217154205L, 10407719L, -1657552560L, 
-1995051026L, -1022300005L, -1765737731L, 1636901354L, -1089402232L, 
-1432576975L, 324365987L, -856193372L, 1006421842L, 1386245799L, 
1265472241L, -2068481482L, 1494259412L, -1624819099L, -2122622865L, 
1076394664L, 1729579014L, 209102131L, -1331402347L, -947735054L, 
-1798141376L, 1789223849L, -1503494629L, -459630612L, 1413857274L, 
1836999727L, 887804985L, -1013086642L, 832042652L, -694137843L, 
-302460809L, -1154328448L, 140730078L, -1911573077L, 2073003693L, 
-737256678L, -51428392L, -1868718015L, 2060308211L, 418623764L, 
-922401630L, -1690000969L, 15426945L, 1898312582L, 1344455108L, 
-756700939L, 772893023L, 1182639032L, 600278678L, -1098444637L, 
198089317L, 1715720066L, 625919216L, 899570841L, 775124107L, 
-291734148L, -946811990L, -1135604769L, 797925737L, -881046146L, 
1271450988L, 343561661L, -1917364601L, 1332785776L, 30120206L, 
1693419067L, -122399459L, -250265654L, 1605896424L, 934677457L, 
1579249091L, -66214204L, -328225422L, -1378287545L, 48858129L, 
-1170709098L, 2101770484L, -1888537979L, 1033632719L, -1749929272L, 
1137709926L, -889165421L, -2102041867L, 1745320658L, -1570708192L, 
1618955529L, 518134331L, 1074925452L, 6721050L, -620136817L, 
-2056941095L, 1798317678L, -130316804L, 530349933L, -502453993L, 
-283310880L, -1972704578L, 43673739L, -1045588211L, -617302214L, 
648122232L, 656123169L, 906343891L, 1750570228L, 1195453826L, 
573528087L, 1546460897L, -1465268186L, 1915948324L, 951268821L, 
779024767L, -1408129000L, -1601366218L, 1381102019L, 1064304645L, 
-1511726174L, -1882935408L, 679709497L, -1338269717L, -89767716L, 
1396752650L, 1979961343L, -2146966967L, 19662814L, -966064244L, 
-1110108323L, -1085829273L, 646968464L, 1895160494L, -903661733L, 
158861117L, 1936094634L, 1051048520L, -43804047L, -1461814301L, 
-2135464220L, -1308803566L, 995002855L, -121379407L, -1273142282L, 
